0 0.06861491429722183 0.5371745115227617 0 100 0.02
1 0.051986002214543414 -0.8798561860372576 0 100 0.02
2 0.0673342021242658 0.8073306885182663 0 100 0.02
3 0.054467243909919597 0.11183563248114003 0 100 0.02
4 0.027876376839358438 0.34242195224208416 0 100 0.02
5 0.04376591328189184 -0.5077359258561436 0 100 0.02
6 0.03065916556282449 -0.5108456560708057 0 100 0.02
7 0.06294017176848248 -0.7040943365040049 0 100 0.02
8 0.053476637036334415 -0.6164284852179317 0 100 0.02
9 0.05320795893260093 -0.8461402188520262 0 100 0.02
10 0.05914448060357433 -0.09549455824778785 0 100 0.02
11 0.025686908602405228 0.6210166657466007 0 100 0.02
12 0.037934805058059615 0.5917417414844215 0 100 0.02
13 0.028811732221276712 0.3711963173681545 0 100 0.02
14 0.06822954032978094 0.8482011724444343 0 100 0.02
15 0.04476417931399079 0.7086392034848774 0 100 0.02
16 0.02547132905925384 0.41837629629730677 0 100 0.02
17 0.03944596918215252 -0.07256287456242072 0 100 0.02
18 0.026728476309721083 -0.4420403449555129 0 100 0.02
19 0.05834757151997548 -0.1404366096975198 0 100 0.02
20 0.046052811789962574 -0.5915515639641504 0 100 0.02
21 0.054478857362345506 -0.8809727090497693 0 100 0.02
22 0.047232802064699084 0.21103934003079616 0 100 0.02
23 0.06698137804229994 -0.42464322920374575 0 100 0.02
24 0.0621785307296053 0.4108235675691594 0 100 0.02
25 0.05646241831958629 0.7168584626309533 0 100 0.02
26 0.030284662981018624 0.4778202249499566 0 100 0.02
27 0.03466209315937885 -0.3871113716269745 0 100 0.02
28 0.042887171034791824 -0.5025155210220436 0 100 0.02
29 0.0627191175903735 0.6562855484658299 0 100 0.02
30 0.03925614528379924 -0.43641500507497266 0 100 0.02
31 0.03351017470443995 -0.3822595969978597 0 100 0.02
32 0.041632757507560486 -0.13656298527998023 0 100 0.02
33 0.04740055601929958 -0.371825137383046 0 100 0.02
34 0.05454128735533724 0.9897140099061157 0 100 0.02
35 0.021338735323344963 0.4344224176358793 0 100 0.02
36 0.03321143638442169 0.14516239859792623 0 100 0.02
37 0.022378816265352246 -0.04248445165950754 0 100 0.02
38 0.060886517114206326 -0.20615389109886295 0 100 0.02
39 0.05500248164985887 0.36198928839280864 0 100 0.02
40 0.051754612722351975 0.9654825025821998 0 100 0.02
41 0.0382624432711505 0.7832898081023449 0 100 0.02
42 0.0420290734827151 0.17081853714015693 0 100 0.02
43 0.04268623662891208 -0.4960895013523642 0 100 0.02
44 0.0317231891412175 0.009737979085677195 0 100 0.02
45 0.032065360096857946 -0.6581419650512024 0 100 0.02
46 0.03431134650390352 -0.9185329108802494 0 100 0.02
47 0.02385158746602638 -0.884160203407806 0 100 0.02
48 0.02268447711582309 0.6241585193149981 0 100 0.02
49 0.030615322337813992 -0.6432688420407321 0 100 0.02
50 0.04586576753954068 0.3216559660938938 0 100 0.02
51 0.025743934942448393 0.8148954359531329 0 100 0.02
52 0.025017069302328748 0.3301745906468725 0 100 0.02
53 0.03077229314251766 -0.85241927401181 0 100 0.02
54 0.020668183449121063 0.1998130521843171 0 100 0.02
55 0.03403104819342024 0.5513494678971795 0 100 0.02
56 0.028054679504633896 -0.8188884102383409 0 100 0.02
57 0.04359988352803172 -0.798429224082432 0 100 0.02
58 0.06711939335563684 -0.6870750803927981 0 100 0.02
59 0.04666915246853512 -0.831537539121692 0 100 0.02
60 0.031297028733815915 -0.03963424920392955 0 100 0.02
61 0.06253404976549269 -0.5222554034124672 0 100 0.02
62 0.026267713408513714 0.9338480102965079 0 100 0.02
63 0.02881439738703715 -0.5975671836718914 0 100 0.02
64 0.054530646035492625 0.17206658310974632 0 100 0.02
65 0.02929939216035249 0.45224345616075756 0 100 0.02
66 0.02444554246339925 0.2783446140258117 0 100 0.02
67 0.06794792562861186 0.3629334595696103 0 100 0.02
68 0.04737449561521226 0.769660532785825 0 100 0.02
69 0.02862895271698914 -0.8276529566444736 0 100 0.02
70 0.022333842783372287 0.14826954865844488 0 100 0.02
71 0.06014137502769666 -0.29174922106527057 0 100 0.02
72 0.0646714511312596 -0.500227997695155 0 100 0.02
73 0.05527416401374087 -0.9257183658117492 0 100 0.02
74 0.051184524821315774 0.2581750570754562 0 100 0.02
75 0.04324219329430513 0.774547124749146 0 100 0.02
76 0.027069322604063195 -0.7629611323316073 0 100 0.02
77 0.02231355530003415 -0.5216493384990971 0 100 0.02
78 0.04986343464998791 -0.37877351607113974 0 100 0.02
79 0.05704600962466244 0.292045429324987 0 100 0.02
80 0.04059852104985945 0.7572772877012346 0 100 0.02
81 0.06192351977482037 -0.6478239828857708 0 100 0.02
82 0.027656172442246517 -0.9557467884986692 0 100 0.02
83 0.06263968412256601 -0.584561894381745 0 100 0.02
84 0.06664069495103304 0.7148750533680897 0 100 0.02
85 0.027889409651339493 0.7053916393074293 0 100 0.02
86 0.046310366170470324 -0.02341542760701265 0 100 0.02
87 0.03077039306014358 0.3582748506461304 0 100 0.02
88 0.023873605409022287 -0.7837596666535995 0 100 0.02
89 0.0564768779442298 -0.7915837457690825 0 100 0.02
90 0.026356903723577785 0.20620338287247497 0 100 0.02
91 0.03689268505743468 -0.7139127980734272 0 100 0.02
92 0.042065714666720135 -0.9855659347727751 0 100 0.02
93 0.06565163661990144 -0.49315981161784767 0 100 0.02
94 0.06488360928837332 -0.7774840980105506 0 100 0.02
95 0.06407148470878875 -0.5948910137027834 0 100 0.02
96 0.04182728052612829 0.7162684924445608 0 100 0.02
97 0.036025075260655834 -0.5826970534200254 0 100 0.02
98 0.050147092235662674 -0.786269420296025 0 100 0.02
99 0.023605552533374652 0.23719041128197405 0 100 0.02
100 0.059079575780462926 0.35122723448738835 0 100 0.02
101 0.061055960944077683 0.9648762418239123 0 100 0.02
102 0.04311589363757275 0.9643077605756891 0 100 0.02
103 0.023022475485166356 0.9045350319875622 0 100 0.02
104 0.037777503528856546 -0.44977378337309726 0 100 0.02
105 0.06846744187247898 -0.6630352760138842 0 100 0.02
106 0.04340274985249588 -0.04690368341161055 0 100 0.02
107 0.03602145626481658 -0.2274023440058509 0 100 0.02
108 0.04262959952687579 0.3259840414092501 0 100 0.02
109 0.06570796070286829 0.18202844567980714 0 100 0.02
110 0.06701540777166017 0.04594812391340941 0 100 0.02
111 0.030094785022089073 -0.235394124104091 0 100 0.02
112 0.04977836948824298 0.19097989738163523 0 100 0.02
113 0.026127163054790903 0.4303189653361057 0 100 0.02
114 0.0660136162022517 0.06216569275621375 0 100 0.02
115 0.036917700307092176 0.5097750452660725 0 100 0.02
116 0.06532249818378397 -0.11247995467891214 0 100 0.02
117 0.05909544911988682 0.5269839947662367 0 100 0.02
118 0.048127328516263584 0.39104159760710067 0 100 0.02
119 0.0356211856647361 -0.09478310687593228 0 100 0.02
120 0.020481796316855382 0.6964769762856073 0 100 0.02
121 0.04747073624969725 -0.5364307165830275 0 100 0.02
122 0.06609426526211053 0.177125136675083 0 100 0.02
123 0.05173801137225888 -0.11166568069630156 0 100 0.02
124 0.05208009981946721 0.38811285883471003 0 100 0.02
125 0.06083778495558531 -0.733561441435505 0 100 0.02
126 0.03686159738234646 0.4438488408689265 0 100 0.02
127 0.03609231608164577 0.5912336279996981 0 100 0.02
128 0.06750369034864724 -0.8884416081528665 0 100 0.02
129 0.05655535645015537 0.4043661278366626 0 100 0.02
130 0.026127003705210178 0.4800701293620748 0 100 0.02
131 0.048028326849744715 0.6150089474045817 0 100 0.02
132 0.030444449722744384 -0.7822147672219655 0 100 0.02
133 0.056827179175434006 -0.5283503806792786 0 100 0.02
134 0.05328091647254127 -0.29498003376476967 0 100 0.02
135 0.05362131950162033 0.758193040307845 0 100 0.02
136 0.05313826786567562 -0.37239771637474406 0 100 0.02
137 0.04320210753628587 0.6598775145742077 0 100 0.02
138 0.040918640861744585 -0.08637873717969924 0 100 0.02
139 0.042535492769826974 0.7287009504773148 0 100 0.02
140 0.05272152049920856 0.7248918715253354 0 100 0.02
141 0.05395406229120733 0.17213453354414288 0 100 0.02
142 0.0412865455546514 0.07040580885235825 0 100 0.02
143 0.04888440140261707 0.91044924035381 0 100 0.02
144 0.06713635067098436 0.6322234294878832 0 100 0.02
145 0.05529595661155512 -0.27024275253183494 0 100 0.02
146 0.064835319364163 -0.5109378300674623 0 100 0.02
147 0.05022662030973316 -0.018870990713837243 0 100 0.02
148 0.020597387217856915 0.6618319812916835 0 100 0.02
149 0.06785637337016581 -0.802981968763522 0 100 0.02
150 0.06570908294622554 0.8665871992350553 0 100 0.02
151 0.04263082699538487 -0.0908788746989414 0 100 0.02
152 0.04806925167474577 0.32926624616540434 0 100 0.02
153 0.05400068933093491 0.3430307057017543 0 100 0.02
154 0.04131632692075231 -0.19931997482807096 0 100 0.02
155 0.05889050950693235 0.12668754799061754 0 100 0.02
156 0.03842517826029841 0.8095684867667976 0 100 0.02
157 0.025794711065339797 -0.5897886155604203 0 100 0.02
158 0.021961636422728907 0.9825012623080911 0 100 0.02
159 0.04025009078796271 -0.25119394140965834 0 100 0.02
160 0.05611646851259991 0.7916018191916039 0 100 0.02
161 0.021765862610122037 -0.630712365688046 0 100 0.02
162 0.052274486400794046 0.38449684704352216 0 100 0.02
163 0.043564880394506456 -0.4323786414794182 0 100 0.02
164 0.06346662614470731 0.4576340726338357 0 100 0.02
165 0.029764137430818217 -0.8951648504763272 0 100 0.02
166 0.05809797465361498 0.48492297197153866 0 100 0.02
167 0.03142406567782088 0.5934089579546382 0 100 0.02
168 0.032827790685158745 0.28412993366319905 0 100 0.02
169 0.02607441542013581 -0.5337161632121248 0 100 0.02
170 0.024614078668719248 0.2959574571379424 0 100 0.02
171 0.040302387983408655 -0.28308531541424276 0 100 0.02
172 0.02525261669445622 0.11742157276782139 0 100 0.02
173 0.021465737835622528 -0.6335717143088526 0 100 0.02
174 0.05105098082904656 -0.3876605666322205 0 100 0.02
175 0.04757416493940719 0.8187842612300542 0 100 0.02
176 0.036583045304591374 -0.865492072268109 0 100 0.02
177 0.0682639175054422 0.5462704402377678 0 100 0.02
178 0.06826856890282977 -0.7455486558383911 0 100 0.02
179 0.06573294992077229 -0.03964765330138009 0 100 0.02
180 0.06873544604086773 -0.36718765706916634 0 100 0.02
181 0.05793851252044191 0.6173408192956795 0 100 0.02
182 0.03717533986430035 -0.1404977830323758 0 100 0.02
183 0.06447921122744879 0.23343244154485587 0 100 0.02
184 0.06530885734689097 0.03928757837507346 0 100 0.02
185 0.02946090204733797 0.8092598501080333 0 100 0.02
186 0.021313847780466764 -0.38007112358624506 0 100 0.02
187 0.05207577435561471 -0.012074986357004658 0 100 0.02
188 0.024943976976880305 -0.026228194196478927 0 100 0.02
189 0.05810682245641963 -0.4755779614929616 0 100 0.02
190 0.031879372394412964 0.5358396686232691 0 100 0.02
191 0.04621199713163106 -0.9295233858021482 0 100 0.02
192 0.02531063070887869 0.10536527224838976 0 100 0.02
193 0.023191664770808713 -0.5583798107145449 0 100 0.02
194 0.028472351199372768 0.9359349133997192 0 100 0.02
195 0.027638202154669493 -0.4921907021479636 0 100 0.02
196 0.046046688816790506 0.6742476071100396 0 100 0.02
197 0.05287404900243502 -0.14266794906852143 0 100 0.02
198 0.0652959343771412 -0.7826301531024837 0 100 0.02
199 0.06721051792677842 0.11024472718958611 0 100 0.02
200 0.06924072965419238 0.246206581382876 0 100 0.02
201 0.03851725456391619 -0.43511823089525115 0 100 0.02
202 0.038061691462009696 -0.38483788167503785 0 100 0.02
203 0.03335742634040955 0.7829096535389677 0 100 0.02
204 0.03621643550765134 -0.9194477315111231 0 100 0.02
205 0.06255813005464711 -0.4909462650649197 0 100 0.02
206 0.04392121453027109 -0.9867300352306483 0 100 0.02
207 0.06647783636563906 0.43828833645391674 0 100 0.02
208 0.06457438593157734 -0.035223424189967045 0 100 0.02
209 0.03289108242968704 0.07416219910490707 0 100 0.02
210 0.023182156185812392 -0.9591807478756197 0 100 0.02
211 0.06922293110789546 -0.10256438283831182 0 100 0.02
212 0.055744295751438244 0.6113742093411483 0 100 0.02
213 0.05720377489238142 -0.8514544277833922 0 100 0.02
214 0.04271509703858601 -0.6041739102347057 0 100 0.02
215 0.02025465831235501 -0.32684781730634527 0 100 0.02
216 0.03135937914998589 0.9249553875375958 0 100 0.02
217 0.03469733969117332 0.9443571237472208 0 100 0.02
218 0.041462167760886695 -0.3182616681939032 0 100 0.02
219 0.021692270739411233 -0.16623407367511156 0 100 0.02
220 0.03114225101386355 -0.9889566750924345 0 100 0.02
221 0.030656546286316803 0.2530251721645993 0 100 0.02
222 0.06583488930891636 0.5847805106485406 0 100 0.02
223 0.03408082017351259 -0.20074326341623272 0 100 0.02
224 0.022562696958389934 0.10421318287851866 0 100 0.02
225 0.052254272083908634 0.1844099592522166 0 100 0.02
226 0.04022732913873296 -0.22775924734976094 0 100 0.02
227 0.05433197915623428 0.5181700528516189 0 100 0.02
228 0.0481857165003909 -0.2041197733132416 0 100 0.02
229 0.05738010104193948 0.8184557452930354 0 100 0.02
230 0.04087920519621367 0.5354290536205908 0 100 0.02
231 0.03656562699330867 -0.640614519003424 0 100 0.02
232 0.02206020231119373 0.7027575731732685 0 100 0.02
233 0.06808218262169864 0.7286334345147942 0 100 0.02
234 0.03398746210472324 0.8349597810346894 0 100 0.02
235 0.03644155478291277 0.08940034945578934 0 100 0.02
236 0.034991710159993014 0.4333861879169312 0 100 0.02
237 0.060336901904437176 -0.46488228386389807 0 100 0.02
238 0.03282076381835712 -0.3976042541668854 0 100 0.02
239 0.04494002335594982 0.5245615917163464 0 100 0.02
240 0.047057985883043135 -0.7350779737747579 0 100 0.02
241 0.06888518347482693 -0.9531633360574182 0 100 0.02
242 0.03139459755389694 0.39801778251606823 0 100 0.02
243 0.06231695752957099 -0.7496074432816126 0 100 0.02
244 0.037538530311353464 0.7395379901195409 0 100 0.02
245 0.05353918314089935 -0.8830898474431838 0 100 0.02
246 0.030761163055256946 -0.3791436965389695 0 100 0.02
247 0.031606758032117536 -0.835981289873635 0 100 0.02
248 0.052192253601728605 0.5560369970329202 0 100 0.02
249 0.051101879529194524 -0.8077372473884412 0 100 0.02
250 0.022652274931810067 -0.9590129909818547 0 100 0.02
251 0.03819954379948807 0.19663825226610854 0 100 0.02
252 0.021982573975221353 -0.17561477797868652 0 100 0.02
253 0.03998423938433089 0.9797002884508523 0 100 0.02
254 0.020504282327424028 -0.9323558452088401 0 100 0.02
255 0.05270391200387485 0.0714167464659472 0 100 0.02
256 0.030975628331124595 -0.8558930628894694 0 100 0.02
257 0.036638674489269996 0.43198936121120535 0 100 0.02
258 0.03844955516411173 0.5258536192636287 0 100 0.02
259 0.024353647317848105 -0.4630964087024678 0 100 0.02
260 0.04507404853782786 -0.6677012252108536 0 100 0.02
261 0.052697884683839374 0.015434166040677821 0 100 0.02
262 0.023307755948485137 -0.5701674339119934 0 100 0.02
263 0.035683799755211985 -0.22056434403629555 0 100 0.02
264 0.0393492214132685 -0.9432937251355791 0 100 0.02
265 0.04226236165173365 0.4095889719456698 0 100 0.02
266 0.031090585463214783 0.9467190547385358 0 100 0.02
267 0.021859814267311265 0.43684538886471835 0 100 0.02
268 0.04314804336871757 -0.9603886419601042 0 100 0.02
269 0.06807314065598957 0.3187147305174016 0 100 0.02
270 0.05157970354888025 0.9430387078281144 0 100 0.02
271 0.034752785768460984 0.14385186333667055 0 100 0.02
272 0.030634694317066124 -0.8081944808026336 0 100 0.02
273 0.044078069030159796 -0.08895419838946017 0 100 0.02
274 0.026670710393530517 0.2816979075654642 0 100 0.02
275 0.06737942449067168 -0.8722281176004585 0 100 0.02
276 0.05099828826064451 0.32367227846970215 0 100 0.02
277 0.02594046290278046 -0.5570462538849403 0 100 0.02
278 0.030952212777428056 0.9036729996419095 0 100 0.02
279 0.023678066110675612 -0.4769565394862113 0 100 0.02
280 0.05850472273191075 -0.31088221434176055 0 100 0.02
281 0.05470894272086273 0.6391858408910096 0 100 0.02
282 0.032262017509764526 0.3148671421485927 0 100 0.02
283 0.02920197375918783 -0.8306387965929845 0 100 0.02
284 0.036246539851680984 -0.7915470918772971 0 100 0.02
285 0.051352025842230115 -0.16106250712617398 0 100 0.02
286 0.027941903220593735 -0.8132111199474074 0 100 0.02
287 0.06790769219782473 -0.5619649596290253 0 100 0.02
288 0.029076661101730676 0.7571215875048483 0 100 0.02
289 0.04397471957093947 -0.09446898216644695 0 100 0.02
290 0.06980117841422755 0.46646378963042645 0 100 0.02
291 0.03283209497414655 -0.40565118439073644 0 100 0.02
292 0.024687193071174146 -0.8178122148654767 0 100 0.02
293 0.036531310829851886 -0.494032802600897 0 100 0.02
294 0.049271280589742325 -0.40648274217432334 0 100 0.02
295 0.024545758306380543 -0.9135299311064106 0 100 0.02
296 0.050912985946700504 0.08985302827328079 0 100 0.02
297 0.031283426528153115 -0.8642283890141644 0 100 0.02
298 0.03869447244469175 0.6522866337494089 0 100 0.02
299 0.02701334005721919 -0.4807138396443279 0 100 0.02
300 0.06875342760034893 0.6148333734198987 0 100 0.02
301 0.03057688940152366 0.44360472527096206 0 100 0.02
302 0.04117490223483626 0.5055606377018069 0 100 0.02
303 0.05644916193348887 -0.9734856636270725 0 100 0.02
304 0.05885007036919569 -0.9049898396195557 0 100 0.02
305 0.022997770806912465 0.3071781761196144 0 100 0.02
306 0.04841754497910415 0.09768703632807485 0 100 0.02
307 0.06828115571929098 -0.5000930757246822 0 100 0.02
308 0.0475451409092805 -0.5358941207736536 0 100 0.02
309 0.032380408341817594 0.6459798605939702 0 100 0.02
310 0.03823376261025649 -0.9491408221982923 0 100 0.02
311 0.04758861193423498 0.1274703132296955 0 100 0.02
312 0.02948685783553064 -0.17439290648622996 0 100 0.02
313 0.039354576475940074 -0.04219152350873978 0 100 0.02
314 0.030365085398928026 0.8313971022430022 0 100 0.02
315 0.023656323402906815 0.8510791375891686 0 100 0.02
316 0.03086096023723777 0.5103767284731635 0 100 0.02
317 0.052593367985114436 -0.8258731809684037 0 100 0.02
318 0.026848389412910383 -0.2810043992547503 0 100 0.02
319 0.05594632852133699 0.29080608498075033 0 100 0.02
320 0.025525266682425662 -0.8414809751002363 0 100 0.02
321 0.050038928335392655 -0.69712138384548 0 100 0.02
322 0.06280720789306486 -0.6969273826540365 0 100 0.02
323 0.03554432247394616 0.4472113239146951 0 100 0.02
324 0.03683826553573895 -0.7629483883045165 0 100 0.02
325 0.05470401775320188 -0.3269819977077989 0 100 0.02
326 0.05841413263566356 -0.9153619738822137 0 100 0.02
327 0.056691888698248386 -0.9242671213479566 0 100 0.02
328 0.04629062784958577 0.38653668982105804 0 100 0.02
329 0.032473473789386954 0.3361080758572952 0 100 0.02
330 0.04468576125510704 -0.4261393342811548 0 100 0.02
331 0.022665729057152712 0.8308938728493729 0 100 0.02
332 0.057279640130835835 -0.8008543020702898 0 100 0.02
333 0.06835709088572836 -0.3688103915324311 0 100 0.02
334 0.03922134638216465 0.3210099152991701 0 100 0.02
335 0.03703691985981529 0.19665004609912073 0 100 0.02
336 0.046135850326177875 0.6724416820893668 0 100 0.02
337 0.02332928511989254 -0.21188070290492966 0 100 0.02
338 0.023797056765621542 0.1790213233643505 0 100 0.02
339 0.025348365896045794 -0.5312401523765806 0 100 0.02
340 0.04289196949686448 0.9718643510460458 0 100 0.02
341 0.03357234528749616 -0.18323410698844267 0 100 0.02
342 0.06186620920822801 -0.5024098978373418 0 100 0.02
343 0.04552297616090312 0.30202367216390136 0 100 0.02
344 0.023565379123033088 -0.9391075925310721 0 100 0.02
345 0.03309887867722017 -0.9501057015578199 0 100 0.02
346 0.032520831441421594 -0.8352197443320982 0 100 0.02
347 0.04831705612239377 -0.41165445030788783 0 100 0.02
348 0.0696091777660746 0.4296915483151218 0 100 0.02
349 0.049208747130258426 -0.3648222191135063 0 100 0.02
350 0.021747420525666684 -0.3315941837023174 0 100 0.02
351 0.05756688009947031 -0.11131325267020675 0 100 0.02
352 0.023951978322942342 0.5989358876114963 0 100 0.02
353 0.02721075833841994 0.9827892095509305 0 100 0.02
354 0.030638250462662005 0.8659131631476384 0 100 0.02
355 0.06936798419355311 -0.6686443700610754 0 100 0.02
356 0.0544619264226637 0.5807800305216839 0 100 0.02
357 0.06917353614386568 -0.5647135067172763 0 100 0.02
358 0.04089203758217067 -0.6236490485409285 0 100 0.02
359 0.06301468070459061 0.06298554709777959 0 100 0.02
360 0.049427016550742664 -0.003942169835254972 0 100 0.02
361 0.06526168640844686 0.9648682859706363 0 100 0.02
362 0.06108472086942958 0.22773893216804297 0 100 0.02
363 0.055092439722570136 0.9460554828356604 0 100 0.02
364 0.023508337874762548 -0.9015073138849056 0 100 0.02
365 0.06666061009265002 0.8756313927280939 0 100 0.02
366 0.0315749188273909 0.14082666510614716 0 100 0.02
367 0.02030760495372506 -0.9195157178215098 0 100 0.02
368 0.026508455377830198 0.529051109276252 0 100 0.02
369 0.02912691300415108 0.46349083026726445 0 100 0.02
370 0.060904319901782314 0.7433228472613931 0 100 0.02
371 0.034702335285921794 -0.5658588582052437 0 100 0.02
372 0.031150218641841993 0.338071419962795 0 100 0.02
373 0.06424450713940087 0.3465597251313919 0 100 0.02
374 0.06675289288794156 -0.16680484366729476 0 100 0.02
375 0.05875645311827231 -0.9823377423197838 0 100 0.02
376 0.05046639471575588 0.7319717679256059 0 100 0.02
377 0.041798088497504896 0.7565235057142963 0 100 0.02
378 0.032286392982043874 -0.8372310520366003 0 100 0.02
379 0.031565700600904634 -0.4353263961344438 0 100 0.02
380 0.036482853384676155 -0.14444757885599324 0 100 0.02
381 0.03348435513216109 0.7467282132306909 0 100 0.02
382 0.06622314624956323 0.4906759923048005 0 100 0.02
383 0.029151281232273434 -0.6375133077161216 0 100 0.02
384 0.03253409420219956 0.784231566642609 0 100 0.02
385 0.03065947983244079 -0.18760095507862862 0 100 0.02
386 0.03111168628771674 0.2231093603623513 0 100 0.02
387 0.035005378025201934 -0.44125178681449573 0 100 0.02
388 0.06768661602825023 -0.29676713059864923 0 100 0.02
389 0.05740767232650777 -0.13943748674510803 0 100 0.02
390 0.026305826414734963 -0.5357978853790613 0 100 0.02
391 0.056685741984648985 0.8698486507011185 0 100 0.02
392 0.04588092512942232 -0.34561272296957735 0 100 0.02
393 0.06157865666521177 0.2946677916646907 0 100 0.02
394 0.02960177676126257 0.07575356514496723 0 100 0.02
395 0.04441482534650984 0.40437096147251306 0 100 0.02
396 0.02267339112450046 -0.3339118616866371 0 100 0.02
397 0.02042790628086801 0.12407232923586808 0 100 0.02
398 0.047536255400433505 0.9776816660692429 0 100 0.02
399 0.043346358953247885 -0.9456014394863119 0 100 0.02
400 0.06376543541473326 0.8230154510039078 0 100 0.02
401 0.02368633475309657 0.008627306495765041 0 100 0.02
402 0.0269664584259585 -0.03347436568282558 0 100 0.02
403 0.04171547939342802 -0.5132571497408804 0 100 0.02
404 0.0415163453341606 -0.8070517229037155 0 100 0.02
405 0.025917665397546696 -0.32382670560370463 0 100 0.02
406 0.04099276760174535 0.7264757545478147 0 100 0.02
407 0.033054050352988265 -0.9080612318726905 0 100 0.02
408 0.02540942808611225 0.44141313672694027 0 100 0.02
409 0.06139021455756995 -0.960447486435796 0 100 0.02
410 0.05702438561202226 0.7898715266974792 0 100 0.02
411 0.02652258938516051 -0.671387801909346 0 100 0.02
412 0.05170147851991663 -0.3553376036970626 0 100 0.02
413 0.028292832408647675 0.4805316349423425 0 100 0.02
414 0.040516676743378555 -0.6750619620872558 0 100 0.02
415 0.02843313664258008 -0.3146768733397213 0 100 0.02
416 0.0698395870624378 0.41948258274675854 0 100 0.02
417 0.05430972448708178 -0.7380982547583197 0 100 0.02
418 0.05556928492539283 -0.08401748098260631 0 100 0.02
419 0.06475885201220309 -0.023466728620735844 0 100 0.02
420 0.06375686042778804 -0.6371446598725478 0 100 0.02
421 0.04750337648814301 -0.8965515279440058 0 100 0.02
422 0.0635937044619873 -0.3147003601729531 0 100 0.02
423 0.025496039095372174 0.27269412664371595 0 100 0.02
424 0.06739401801901806 0.7550320958655421 0 100 0.02
425 0.03009031337165067 0.4405446225289389 0 100 0.02
426 0.034596086279293364 -0.8031897780758993 0 100 0.02
427 0.040509046164977025 0.4781300479903525 0 100 0.02
428 0.0426686604260351 -0.1996240133248285 0 100 0.02
429 0.034633403533319486 0.5519006731250526 0 100 0.02
430 0.06308121193169376 -0.14731573116010166 0 100 0.02
431 0.021377575552555306 -0.09226147418126907 0 100 0.02
432 0.02729823139900131 0.6905595741823713 0 100 0.02
433 0.030551779107522815 0.649749296606851 0 100 0.02
434 0.03159832396976604 -0.9175415730185744 0 100 0.02
435 0.03532121125205245 -0.9492301410137703 0 100 0.02
436 0.06757486427822237 0.4502864032968652 0 100 0.02
437 0.046955083764297884 -0.13630594242718197 0 100 0.02
438 0.05696472218036855 0.9860792630659712 0 100 0.02
439 0.05698864908869415 0.6932359165946431 0 100 0.02
440 0.029782961735147433 0.3542755435160829 0 100 0.02
441 0.06415555507573079 -0.888003611325765 0 100 0.02
442 0.048182097023772186 0.6410267090013473 0 100 0.02
443 0.03922280352116746 0.5340377964928833 0 100 0.02
444 0.053009013089495016 -0.9098517684284161 0 100 0.02
445 0.030654071587838526 -0.9805225682909138 0 100 0.02
446 0.032396095616271825 -0.7016161072631766 0 100 0.02
447 0.057847772590028476 -0.8977023501544568 0 100 0.02
448 0.06830610336370217 -0.28661840814941864 0 100 0.02
449 0.03797643709507562 0.9790933454959558 0 100 0.02
450 0.0200810355944894 -0.16580626600628734 0 100 0.02
451 0.04267280976833161 -0.545612446960229 0 100 0.02
452 0.03193337997681188 -0.8886709054815303 0 100 0.02
453 0.05085769752602867 -0.4571956820418883 0 100 0.02
454 0.03400346482985546 0.7975830271389603 0 100 0.02
455 0.04855161992278739 -0.2287177330917577 0 100 0.02
456 0.032310675274780445 0.8804178093116195 0 100 0.02
457 0.0600590891849828 -0.6483322018720515 0 100 0.02
458 0.03508113935448577 0.6776112978254629 0 100 0.02
459 0.0268504197876684 0.8344336246710884 0 100 0.02
460 0.061976407607742603 -0.4444768000479181 0 100 0.02
461 0.022861706882225726 -0.09187810473308944 0 100 0.02
462 0.05212362559462019 -0.7546028453998309 0 100 0.02
463 0.02858234469345452 -0.31685055284084107 0 100 0.02
464 0.03041718559229037 -0.08848971697629204 0 100 0.02
465 0.03645991892224061 -0.40843179375816097 0 100 0.02
466 0.02750922154417836 0.3037130229557359 0 100 0.02
467 0.03139905911833888 -0.9037057287928929 0 100 0.02
468 0.028261350074071816 -0.6973948810222359 0 100 0.02
469 0.030720777554494864 0.9634046241814607 0 100 0.02
470 0.0419659378794603 0.26792273953148826 0 100 0.02
471 0.033374495893927075 -0.5774271148810145 0 100 0.02
472 0.06348748092237964 0.20354115044660093 0 100 0.02
473 0.050848216408469094 -0.3768986490997547 0 100 0.02
474 0.023482298955087126 -0.006022147157639046 0 100 0.02
475 0.03317892837235804 -0.25388806589798385 0 100 0.02
476 0.05074397195519151 -0.17936629380937597 0 100 0.02
477 0.03382953768689703 0.5840336626605107 0 100 0.02
478 0.034944528621234226 -0.6675219644493529 0 100 0.02
479 0.04857936865361074 -0.11412636331509596 0 100 0.02
480 0.05137931260580095 -0.8615438580563131 0 100 0.02
481 0.0653437316500495 0.199206757666047 0 100 0.02
482 0.021116030097888233 0.39712135899774337 0 100 0.02
483 0.02686028520348301 -0.8323943071824405 0 100 0.02
484 0.03261379896029673 -0.29579012754993705 0 100 0.02
485 0.05956299095130334 -0.04874743911644952 0 100 0.02
486 0.03730737220762351 -0.08302032869242393 0 100 0.02
487 0.04712075709148647 -0.6287076945529427 0 100 0.02
488 0.04757132982082081 0.5764232057095295 0 100 0.02
489 0.04775918072647935 -0.4041073130338598 0 100 0.02
490 0.034506519645745304 0.9843516760111144 0 100 0.02
491 0.05111615355078915 0.4562686173604895 0 100 0.02
492 0.029724414092324753 0.40349335237222417 0 100 0.02
493 0.06101069588956523 0.2581442705536374 0 100 0.02
494 0.03406846840505773 0.72744473479859 0 100 0.02
495 0.030791250936195048 -0.8972287029928883 0 100 0.02
496 0.06322772743848751 -0.5055834283151451 0 100 0.02
497 0.05672121675554272 0.16744716050286268 0 100 0.02
498 0.02890250458676069 0.8973905834424118 0 100 0.02
499 0.04440224151656699 -0.24488434344631882 0 100 0.02
