0 0.03194821206418313 0.8232847396248748 0 100 0.02
1 0.06414796298739055 0.6527257078551343 0 100 0.02
2 0.047532303105090684 0.37270889280631736 0 100 0.02
3 0.03397712905462962 0.06675876608139175 0 100 0.02
4 0.03335610095196125 0.5331658935602859 0 100 0.02
5 0.047337752068219066 0.8098789652391398 0 100 0.02
6 0.05875682990837944 0.4602881067330542 0 100 0.02
7 0.05133404625594547 -0.5761051448372504 0 100 0.02
8 0.03604054412409974 0.12759940454316343 0 100 0.02
9 0.06953682902506375 -0.5455169253540664 0 100 0.02
10 0.06165910191957477 -0.41838593181964334 0 100 0.02
11 0.056318597055706465 -0.4978888422341697 0 100 0.02
12 0.022237603929501665 -0.19316766129386653 0 100 0.02
13 0.06200383067637234 -0.7483271410976737 0 100 0.02
14 0.05714356038553428 -0.03483506203974607 0 100 0.02
15 0.054833695670020305 -0.11845699730281134 0 100 0.02
16 0.06680188541505723 -0.31266630554580055 0 100 0.02
17 0.05726150852911531 0.20777214884747375 0 100 0.02
18 0.06866552643762042 0.08095229423137962 0 100 0.02
19 0.026502153085571346 0.3638108300780598 0 100 0.02
20 0.04312053117284507 0.2522098835287552 0 100 0.02
21 0.06726596361344599 0.7636704701656818 0 100 0.02
22 0.02599208740687106 0.405261598395557 0 100 0.02
23 0.040747800673482035 0.6473861626194934 0 100 0.02
24 0.04069224784740612 -0.6373137740032447 0 100 0.02
25 0.03875620145914803 0.5068484544597276 0 100 0.02
